1 500
2 1000
3 1500
4 2000
5 2500
6 3000
7 3500
8 4000
9 4500
10 5000
11 5500
12 6000
13 6500
14 7000
15 7500
16 8000
17 8500
18 9000
19 9500
20 10000
21 10500
22 11000
23 11500
24 12000
25 12500
26 13000
27 13500
28 14000
29 14500
30 15000
31 15500
32 16000
33 16500
34 17000
35 17500
36 18000
37 18500
38 19000
39 19500
40 20000
41 20500
42 21000
43 21500
44 22000
45 22500
46 23000
47 23500
48 24000
49 24500
50 25000
51 25500
52 26000
53 26500
54 27000
55 27500
56 28000
57 28500
58 29000
59 29500
60 30000
61 30500
62 31000
63 31500
64 32000
65 32500
66 33000
67 33500
68 34000
69 34500
70 35000
71 35500
72 36000
73 36500
74 37000
75 37500
76 38000
77 38500
78 39000
79 39500
80 40000
81 40500
82 41000
83 41500
84 42000
85 42500
86 43000
87 43500
88 44000
89 44500
90 45000
91 45500
92 46000
93 46500
94 47000
95 47500
96 48000
97 48500
98 49000
99 49500
100 50000
101 50500
102 51000
103 51500
104 52000
105 52500
106 53000
107 53500
108 54000
109 54500
110 55000
111 55500
112 56000
113 56500
114 57000
115 57500
116 58000
117 58500
118 59000
119 59500
120 60000
121 60500
122 61000
123 61500
124 62000
125 62500
126 63000
127 63500
128 64000
129 64500
130 65000
131 65500
132 66000
133 66500
134 67000
135 67500
136 68000
137 68500
138 69000
139 69500
140 70000
141 70500
142 71000
143 71500
144 72000
145 72500
146 73000
147 73500
148 74000
149 74500
150 75000
151 75500
152 76000
153 76500
154 77000
155 77500
156 78000
157 78500
158 79000
159 79500
160 80000
161 80500
162 81000
163 81500
164 82000
165 82500
166 83000
167 83500
168 84000
169 84500
170 85000
171 85500
172 86000
173 86500
174 87000
175 87500
176 88000
177 88500
178 89000
179 89500
180 90000
181 90500
182 91000
183 91500
184 92000
185 92500
186 93000
187 93500
188 94000
189 94500
190 95000
191 95500
192 96000
193 96500
194 97000
195 97500
196 98000
197 98500
198 99000
199 99500
200 100000
201 100500
202 101000
203 101500
204 102000
205 102500
206 103000
207 103500
208 104000
209 104500
210 105000
211 105500
212 106000
213 106500
214 107000
215 107500
216 108000
217 108500
218 109000
219 109500
220 110000
221 110500
222 111000
223 111500
224 112000
225 112500
226 113000
227 113500
228 114000
229 114500
230 115000
231 115500
232 116000
233 116500
234 117000
235 117500
236 118000
237 118500
238 119000
239 119500
240 120000
241 120500
242 121000
243 121500
244 122000
245 122500
246 123000
247 123500
248 124000
249 124500
250 125000
251 125500
252 126000
253 126500
254 127000
255 127500
256 128000
257 128500
258 129000
259 129500
260 130000
261 130500
262 131000
263 131500
264 132000
265 132500
266 133000
267 133500
268 134000
269 134500
270 135000
271 135500
272 136000
273 136500
274 137000
275 137500
276 138000
277 138500
278 139000
279 139500
280 140000
281 140500
282 141000
283 141500
284 142000
285 142500
286 143000
287 143500
288 144000
289 144500
290 145000
291 145500
292 146000
293 146500
294 147000
295 147500
296 148000
297 148500
298 149000
299 149500
300 150000
301 150500
302 151000
303 151500
304 152000
305 152500
306 153000
307 153500
308 154000
309 154500
310 155000
311 155500
312 156000
313 156500
314 157000
315 157500
316 158000
317 158500
318 159000
319 159500
320 160000
321 160500
322 161000
323 161500
324 162000
325 162500
326 163000
327 163500
328 164000
329 164500
330 165000
331 165500
332 166000
333 166500
334 167000
335 167500
336 168000
337 168500
338 169000
339 169500
340 170000
341 170500
342 171000
343 171500
344 172000
345 172500
346 173000
347 173500
348 174000
349 174500
350 175000
351 175500
352 176000
353 176500
354 177000
355 177500
356 178000
357 178500
358 179000
359 179500
360 180000
361 180500
362 181000
363 181500
364 182000
365 182500
366 183000
367 183500
368 184000
369 184500
370 185000
371 185500
372 186000
373 186500
374 187000
375 187500
376 188000
377 188500
378 189000
379 189500
380 190000
381 190500
382 191000
383 191500
384 192000
385 192500
386 193000
387 193500
388 194000
389 194500
390 195000
391 195500
392 196000
393 196500
394 197000
395 197500
396 198000
397 198500
398 199000
399 199500
400 200000
401 200500
402 201000
403 201500
404 202000
405 202500
406 203000
407 203500
408 204000
409 204500
410 205000
411 205500
412 206000
413 206500
414 207000
415 207500
416 208000
417 208500
418 209000
419 209500
420 210000
421 210500
422 211000
423 211500
424 212000
425 212500
426 213000
427 213500
428 214000
429 214500
430 215000
431 215500
432 216000
433 216500
434 217000
435 217500
436 218000
437 218500
438 219000
439 219500
440 220000
441 220500
442 221000
443 221500
444 222000
445 222500
446 223000
447 223500
448 224000
449 224500
450 225000
451 225500
452 226000
453 226500
454 227000
455 227500
456 228000
457 228500
458 229000
459 229500
460 230000
461 230500
462 231000
463 231500
464 232000
465 232500
466 233000
467 233500
468 234000
469 234500
470 235000
471 235500
472 236000
473 236500
474 237000
475 237500
476 238000
477 238500
478 239000
479 239500
480 240000
481 240500
482 241000
483 241500
484 242000
485 242500
486 243000
487 243500
488 244000
489 244500
490 245000
491 245500
492 246000
493 246500
494 247000
495 247500
496 248000
497 248500
498 249000
499 249500
500 250000
501 250500
502 251000
503 251500
504 252000
505 252500
506 253000
507 253500
508 254000
509 254500
510 255000
511 255500
512 256000
513 256500
514 257000
515 257500
516 258000
517 258500
518 259000
519 259500
520 260000
521 260500
522 261000
523 261500
524 262000
525 262500
526 263000
527 263500
528 264000
529 264500
530 265000
531 265500
532 266000
533 266500
534 267000
535 267500
536 268000
537 268500
538 269000
539 269500
540 270000
541 270500
542 271000
543 271500
544 272000
545 272500
546 273000
547 273500
548 274000
549 274500
550 275000
551 275500
552 276000
553 276500
554 277000
555 277500
556 278000
557 278500
558 279000
559 279500
560 280000
561 280500
562 281000
563 281500
564 282000
565 282500
566 283000
567 283500
568 284000
569 284500
570 285000
571 285500
572 286000
573 286500
574 287000
575 287500
576 288000
577 288500
578 289000
579 289500
580 290000
581 290500
582 291000
583 291500
584 292000
585 292500
586 293000
587 293500
588 294000
589 294500
590 295000
591 295500
592 296000
593 296500
594 297000
595 297500
596 298000
597 298500
598 299000
599 299500
600 300000
601 300500
602 301000
603 301500
604 302000
605 302500
606 303000
607 303500
608 304000
609 304500
610 305000
611 305500
612 306000
613 306500
614 307000
615 307500
616 308000
617 308500
618 309000
619 309500
620 310000
621 310500
622 311000
623 311500
624 312000
625 312500
626 313000
627 313500
628 314000
629 314500
630 315000
631 315500
632 316000
633 316500
634 317000
635 317500
636 318000
637 318500
638 319000
639 319500
640 320000
641 320500
642 321000
643 321500
644 322000
645 322500
646 323000
647 323500
648 324000
649 324500
650 325000
651 325500
652 326000
653 326500
654 327000
655 327500
656 328000
657 328500
658 329000
659 329500
660 330000
661 330500
662 331000
663 331500
664 332000
665 332500
666 333000
667 333500
668 334000
669 334500
670 335000
671 335500
672 336000
673 336500
674 337000
675 337500
676 338000
677 338500
678 339000
679 339500
680 340000
681 340500
682 341000
683 341500
684 342000
685 342500
686 343000
687 343500
688 344000
689 344500
690 345000
691 345500
692 346000
693 346500
694 347000
695 347500
696 348000
697 348500
698 349000
699 349500
700 350000
701 350500
702 351000
703 351500
704 352000
705 352500
706 353000
707 353500
708 354000
709 354500
710 355000
711 355500
712 356000
713 356500
714 357000
715 357500
716 358000
717 358500
718 359000
719 359500
720 360000
721 360500
722 361000
723 361500
724 362000
725 362500
726 363000
727 363500
728 364000
729 364500
730 365000
731 365500
732 366000
733 366500
734 367000
735 367500
736 368000
737 368500
738 369000
739 369500
740 370000
741 370500
742 371000
743 371500
744 372000
745 372500
746 373000
747 373500
748 374000
749 374500
750 375000
751 375500
752 376000
753 376500
754 377000
755 377500
756 378000
757 378500
758 379000
759 379500
760 380000
761 380500
762 381000
763 381500
764 382000
765 382500
766 383000
767 383500
768 384000
769 384500
770 385000
771 385500
772 386000
773 386500
774 387000
775 387500
776 388000
777 388500
778 389000
779 389500
780 390000
781 390500
782 391000
783 391500
784 392000
785 392500
786 393000
787 393500
788 394000
789 394500
790 395000
791 395500
792 396000
793 396500
794 397000
795 397500
796 398000
797 398500
798 399000
799 399500
800 400000
801 400500
802 401000
803 401500
804 402000
805 402500
806 403000
807 403500
808 404000
809 404500
810 405000
811 405500
812 406000
813 406500
814 407000
815 407500
816 408000
817 408500
818 409000
819 409500
820 410000
821 410500
822 411000
823 411500
824 412000
825 412500
826 413000
827 413500
828 414000
829 414500
830 415000
831 415500
832 416000
833 416500
834 417000
835 417500
836 418000
837 418500
838 419000
839 419500
840 420000
841 420500
842 421000
843 421500
844 422000
845 422500
846 423000
847 423500
848 424000
849 424500
850 425000
851 425500
852 426000
853 426500
854 427000
855 427500
856 428000
857 428500
858 429000
859 429500
860 430000
861 430500
862 431000
863 431500
864 432000
865 432500
866 433000
867 433500
868 434000
869 434500
870 435000
871 435500
872 436000
873 436500
874 437000
875 437500
876 438000
877 438500
878 439000
879 439500
880 440000
881 440500
882 441000
883 441500
884 442000
885 442500
886 443000
887 443500
888 444000
889 444500
890 445000
891 445500
892 446000
893 446500
894 447000
895 447500
896 448000
897 448500
898 449000
899 449500
900 450000
901 450500
902 451000
903 451500
904 452000
905 452500
906 453000
907 453500
908 454000
909 454500
910 455000
911 455500
912 456000
913 456500
914 457000
915 457500
916 458000
917 458500
918 459000
919 459500
920 460000
921 460500
922 461000
923 461500
924 462000
925 462500
926 463000
927 463500
928 464000
929 464500
930 465000
931 465500
932 466000
933 466500
934 467000
935 467500
936 468000
937 468500
938 469000
939 469500
940 470000
941 470500
942 471000
943 471500
944 472000
945 472500
946 473000
947 473500
948 474000
949 474500
950 475000
951 475500
952 476000
953 476500
954 477000
955 477500
956 478000
957 478500
958 479000
959 479500
960 480000
961 480500
962 481000
963 481500
964 482000
965 482500
966 483000
967 483500
968 484000
969 484500
970 485000
971 485500
972 486000
973 486500
974 487000
975 487500
976 488000
977 488500
978 489000
979 489500
980 490000
981 490500
982 491000
983 491500
984 492000
985 492500
986 493000
987 493500
988 494000
989 494500
990 495000
991 495500
992 496000
993 496500
994 497000
995 497500
996 498000
997 498500
998 499000
999 499500
1000 500000
1001 500500
1002 501000
1003 501500
1004 502000
1005 502500
1006 503000
1007 503500
1008 504000
1009 504500
1010 505000
1011 505500
1012 506000
1013 506500
1014 507000
1015 507500
1016 508000
1017 508500
1018 509000
1019 509500
1020 510000
1021 510500
1022 511000
1023 511500
1024 512000
1025 512500
1026 513000
1027 513500
1028 514000
1029 514500
1030 515000
1031 515500
1032 516000
1033 516500
1034 517000
1035 517500
1036 518000
1037 518500
1038 519000
1039 519500
1040 520000
1041 520500
1042 521000
1043 521500
1044 522000
1045 522500
1046 523000
1047 523500
1048 524000
1049 524500
1050 525000
1051 525500
1052 526000
1053 526500
1054 527000
1055 527500
1056 528000
1057 528500
1058 529000
1059 529500
1060 530000
1061 530500
1062 531000
1063 531500
1064 532000
1065 532500
1066 533000
1067 533500
1068 534000
1069 534500
1070 535000
1071 535500
1072 536000
1073 536500
1074 537000
1075 537500
1076 538000
1077 538500
1078 539000
1079 539500
1080 540000
1081 540500
1082 541000
1083 541500
1084 542000
1085 542500
1086 543000
1087 543500
1088 544000
1089 544500
1090 545000
1091 545500
1092 546000
1093 546500
1094 547000
1095 547500
1096 548000
1097 548500
1098 549000
1099 549500
1100 550000
1101 550500
1102 551000
1103 551500
1104 552000
1105 552500
1106 553000
1107 553500
1108 554000
1109 554500
1110 555000
1111 555500
1112 556000
1113 556500
1114 557000
1115 557500
1116 558000
1117 558500
1118 559000
1119 559500
1120 560000
1121 560500
1122 561000
1123 561500
1124 562000
1125 562500
1126 563000
1127 563500
1128 564000
1129 564500
1130 565000
1131 565500
1132 566000
1133 566500
1134 567000
1135 567500
1136 568000
1137 568500
1138 569000
1139 569500
1140 570000
1141 570500
1142 571000
1143 571500
1144 572000
1145 572500
1146 573000
1147 573500
1148 574000
1149 574500
1150 575000
1151 575500
1152 576000
1153 576500
1154 577000
1155 577500
1156 578000
1157 578500
1158 579000
1159 579500
1160 580000
1161 580500
1162 581000
1163 581500
1164 582000
1165 582500
1166 583000
1167 583500
1168 584000
1169 584500
1170 585000
1171 585500
1172 586000
1173 586500
1174 587000
1175 587500
1176 588000
1177 588500
1178 589000
1179 589500
1180 590000
1181 590500
1182 591000
1183 591500
1184 592000
1185 592500
1186 593000
1187 593500
1188 594000
1189 594500
1190 595000
1191 595500
1192 596000
1193 596500
1194 597000
1195 597500
1196 598000
1197 598500
1198 599000
1199 599500
1200 600000
1201 600500
1202 601000
1203 601500
1204 602000
1205 602500
1206 603000
1207 603500
1208 604000
1209 604500
1210 605000
1211 605500
1212 606000
1213 606500
1214 607000
1215 607500
1216 608000
1217 608500
1218 609000
1219 609500
1220 610000
1221 610500
1222 611000
1223 611500
1224 612000
1225 612500
1226 613000
1227 613500
1228 614000
1229 614500
1230 615000
1231 615500
1232 616000
1233 616500
1234 617000
1235 617500
1236 618000
1237 618500
1238 619000
1239 619500
1240 620000
1241 620500
1242 621000
1243 621500
1244 622000
1245 622500
1246 623000
1247 623500
1248 624000
1249 624500
1250 625000
1251 625500
1252 626000
1253 626500
1254 627000
1255 627500
1256 628000
1257 628500
1258 629000
1259 629500
1260 630000
1261 630500
1262 631000
1263 631500
1264 632000
1265 632500
1266 633000
1267 633500
1268 634000
1269 634500
1270 635000
1271 635500
1272 636000
1273 636500
1274 637000
1275 637500
1276 638000
1277 638500
1278 639000
1279 639500
1280 640000
1281 640500
1282 641000
1283 641500
1284 642000
1285 642500
1286 643000
1287 643500
1288 644000
1289 644500
1290 645000
1291 645500
1292 646000
1293 646500
1294 647000
1295 647500
1296 648000
1297 648500
1298 649000
1299 649500
1300 650000
1301 650500
1302 651000
1303 651500
1304 652000
1305 652500
1306 653000
1307 653500
1308 654000
1309 654500
1310 655000
1311 655500
1312 656000
1313 656500
1314 657000
1315 657500
1316 658000
1317 658500
1318 659000
1319 659500
1320 660000
1321 660500
1322 661000
1323 661500
1324 662000
1325 662500
1326 663000
1327 663500
1328 664000
1329 664500
1330 665000
1331 665500
1332 666000
1333 666500
1334 667000
1335 667500
1336 668000
1337 668500
1338 669000
1339 669500
1340 670000
1341 670500
1342 671000
1343 671500
1344 672000
1345 672500
1346 673000
1347 673500
1348 674000
1349 674500
1350 675000
1351 675500
1352 676000
1353 676500
1354 677000
1355 677500
1356 678000
1357 678500
1358 679000
1359 679500
1360 680000
1361 680500
1362 681000
1363 681500
1364 682000
1365 682500
1366 683000
1367 683500
1368 684000
1369 684500
1370 685000
1371 685500
1372 686000
1373 686500
1374 687000
1375 687500
1376 688000
1377 688500
1378 689000
1379 689500
1380 690000
1381 690500
1382 691000
1383 691500
1384 692000
1385 692500
1386 693000
1387 693500
1388 694000
1389 694500
1390 695000
1391 695500
1392 696000
1393 696500
1394 697000
1395 697500
1396 698000
1397 698500
1398 699000
1399 699500
1400 700000
1401 700500
1402 701000
1403 701500
1404 702000
1405 702500
1406 703000
1407 703500
1408 704000
1409 704500
1410 705000
1411 705500
1412 706000
1413 706500
1414 707000
1415 707500
1416 708000
1417 708500
1418 709000
1419 709500
1420 710000
1421 710500
1422 711000
1423 711500
1424 712000
1425 712500
1426 713000
1427 713500
1428 714000
1429 714500
1430 715000
1431 715500
1432 716000
1433 716500
1434 717000
1435 717500
1436 718000
1437 718500
1438 719000
1439 719500
1440 720000
1441 720500
1442 721000
1443 721500
1444 722000
1445 722500
1446 723000
1447 723500
1448 724000
1449 724500
1450 725000
1451 725500
1452 726000
1453 726500
1454 727000
1455 727500
1456 728000
1457 728500
1458 729000
1459 729500
1460 730000
1461 730500
1462 731000
1463 731500
1464 732000
1465 732500
1466 733000
1467 733500
1468 734000
1469 734500
1470 735000
1471 735500
1472 736000
1473 736500
1474 737000
1475 737500
1476 738000
1477 738500
1478 739000
1479 739500
1480 740000
1481 740500
1482 741000
1483 741500
1484 742000
1485 742500
1486 743000
1487 743500
1488 744000
1489 744500
1490 745000
1491 745500
1492 746000
1493 746500
1494 747000
1495 747500
1496 748000
1497 748500
1498 749000
1499 749500
1500 750000
1501 750500
1502 751000
1503 751500
1504 752000
1505 752500
1506 753000
1507 753500
1508 754000
1509 754500
1510 755000
1511 755500
1512 756000
1513 756500
1514 757000
1515 757500
1516 758000
1517 758500
1518 759000
1519 759500
1520 760000
1521 760500
1522 761000
1523 761500
1524 762000
1525 762500
1526 763000
1527 763500
1528 764000
1529 764500
1530 765000
1531 765500
1532 766000
1533 766500
1534 767000
1535 767500
1536 768000
1537 768500
1538 769000
1539 769500
1540 770000
1541 770500
1542 771000
1543 771500
1544 772000
1545 772500
1546 773000
1547 773500
1548 774000
1549 774500
1550 775000
1551 775500
1552 776000
1553 776500
1554 777000
1555 777500
1556 778000
1557 778500
1558 779000
1559 779500
1560 780000
1561 780500
1562 781000
1563 781500
1564 782000
1565 782500
1566 783000
1567 783500
1568 784000
1569 784500
1570 785000
1571 785500
1572 786000
1573 786500
1574 787000
1575 787500
1576 788000
1577 788500
1578 789000
1579 789500
1580 790000
1581 790500
1582 791000
1583 791500
1584 792000
1585 792500
1586 793000
1587 793500
1588 794000
1589 794500
1590 795000
1591 795500
1592 796000
1593 796500
1594 797000
1595 797500
1596 798000
1597 798500
1598 799000
1599 799500
1600 800000
1601 800500
1602 801000
1603 801500
1604 802000
1605 802500
1606 803000
1607 803500
1608 804000
1609 804500
1610 805000
1611 805500
1612 806000
1613 806500
1614 807000
1615 807500
1616 808000
1617 808500
1618 809000
1619 809500
1620 810000
1621 810500
1622 811000
1623 811500
1624 812000
1625 812500
1626 813000
1627 813500
1628 814000
1629 814500
1630 815000
1631 815500
1632 816000
1633 816500
1634 817000
1635 817500
1636 818000
1637 818500
1638 819000
1639 819500
1640 820000
1641 820500
1642 821000
1643 821500
1644 822000
1645 822500
1646 823000
1647 823500
1648 824000
1649 824500
1650 825000
1651 825500
1652 826000
1653 826500
1654 827000
1655 827500
1656 828000
1657 828500
1658 829000
1659 829500
1660 830000
1661 830500
1662 831000
1663 831500
1664 832000
1665 832500
1666 833000
1667 833500
1668 834000
1669 834500
1670 835000
1671 835500
1672 836000
1673 836500
1674 837000
1675 837500
1676 838000
1677 838500
1678 839000
1679 839500
1680 840000
1681 840500
1682 841000
1683 841500
1684 842000
1685 842500
1686 843000
1687 843500
1688 844000
1689 844500
1690 845000
1691 845500
1692 846000
1693 846500
1694 847000
1695 847500
1696 848000
1697 848500
1698 849000
1699 849500
1700 850000
1701 850500
1702 851000
1703 851500
1704 852000
1705 852500
1706 853000
1707 853500
1708 854000
1709 854500
1710 855000
1711 855500
1712 856000
1713 856500
1714 857000
1715 857500
1716 858000
1717 858500
1718 859000
1719 859500
1720 860000
1721 860500
1722 861000
1723 861500
1724 862000
1725 862500
1726 863000
1727 863500
1728 864000
1729 864500
1730 865000
1731 865500
1732 866000
1733 866500
1734 867000
1735 867500
1736 868000
1737 868500
1738 869000
1739 869500
1740 870000
1741 870500
1742 871000
1743 871500
1744 872000
1745 872500
1746 873000
1747 873500
1748 874000
1749 874500
1750 875000
1751 875500
1752 876000
1753 876500
1754 877000
1755 877500
1756 878000
1757 878500
1758 879000
1759 879500
1760 880000
1761 880500
1762 881000
1763 881500
1764 882000
1765 882500
1766 883000
1767 883500
1768 884000
1769 884500
1770 885000
1771 885500
1772 886000
1773 886500
1774 887000
1775 887500
1776 888000
1777 888500
1778 889000
1779 889500
1780 890000
1781 890500
1782 891000
1783 891500
1784 892000
1785 892500
1786 893000
1787 893500
1788 894000
1789 894500
1790 895000
1791 895500
1792 896000
1793 896500
1794 897000
1795 897500
1796 898000
1797 898500
1798 899000
1799 899500
1800 900000
1801 900500
1802 901000
1803 901500
1804 902000
1805 902500
1806 903000
1807 903500
1808 904000
1809 904500
1810 905000
1811 905500
1812 906000
1813 906500
1814 907000
1815 907500
1816 908000
1817 908500
1818 909000
1819 909500
1820 910000
1821 910500
1822 911000
1823 911500
1824 912000
1825 912500
1826 913000
1827 913500
1828 914000
1829 914500
1830 915000
1831 915500
1832 916000
1833 916500
1834 917000
1835 917500
1836 918000
1837 918500
1838 919000
1839 919500
1840 920000
1841 920500
1842 921000
1843 921500
1844 922000
1845 922500
1846 923000
1847 923500
1848 924000
1849 924500
1850 925000
1851 925500
1852 926000
1853 926500
1854 927000
1855 927500
1856 928000
1857 928500
1858 929000
1859 929500
1860 930000
1861 930500
1862 931000
1863 931500
1864 932000
1865 932500
1866 933000
1867 933500
1868 934000
1869 934500
1870 935000
1871 935500
1872 936000
1873 936500
1874 937000
1875 937500
1876 938000
1877 938500
1878 939000
1879 939500
1880 940000
1881 940500
1882 941000
1883 941500
1884 942000
1885 942500
1886 943000
1887 943500
1888 944000
1889 944500
1890 945000
1891 945500
1892 946000
1893 946500
1894 947000
1895 947500
1896 948000
1897 948500
1898 949000
1899 949500
1900 950000
1901 950500
1902 951000
1903 951500
1904 952000
1905 952500
1906 953000
1907 953500
1908 954000
1909 954500
1910 955000
1911 955500
1912 956000
1913 956500
1914 957000
1915 957500
1916 958000
1917 958500
1918 959000
1919 959500
1920 960000
1921 960500
1922 961000
1923 961500
1924 962000
1925 962500
1926 963000
1927 963500
1928 964000
1929 964500
1930 965000
1931 965500
1932 966000
1933 966500
1934 967000
1935 967500
1936 968000
1937 968500
1938 969000
1939 969500
1940 970000
1941 970500
1942 971000
1943 971500
1944 972000
1945 972500
1946 973000
1947 973500
1948 974000
1949 974500
1950 975000
1951 975500
1952 976000
1953 976500
1954 977000
1955 977500
1956 978000
1957 978500
1958 979000
1959 979500
1960 980000
1961 980500
1962 981000
1963 981500
1964 982000
1965 982500
1966 983000
1967 983500
1968 984000
1969 984500
1970 985000
1971 985500
1972 986000
1973 986500
1974 987000
1975 987500
1976 988000
1977 988500
1978 989000
1979 989500
1980 990000
1981 990500
1982 991000
1983 991500
1984 992000
1985 992500
1986 993000
1987 993500
1988 994000
1989 994500
1990 995000
1991 995500
1992 996000
1993 996500
1994 997000
1995 997500
1996 998000
1997 998500
1998 999000
1999 999500
2000 1000000
